13.9	56.8	-16.6	218	1	1	5	11
9.6	17.8	-19.5	159	1	1	13	11
5.1	34.9	-17.4	261	1	1	13	11
15.6	34.1	-22.6	205	1	1	13	11
8.2	45.9	-1.7	161	1	2	5	10
14.6	64.7	3.6	235	1	2	5	10
30.5	54.9	-3.5	183	1	2	8	10
44.6	46.2	-4.9	214	1	2	8	10
28.9	51.1	18.7	149	1	2	9	10
8.4	53.3	23.9	160	1	3	5	9
37.6	35.4	31.1	146	1	3	9	9
14.3	36.9	48.9	154	1	4	5	8
23.9	30.7	36.4	248	1	4	5	8
40.7	14.5	48.2	221	1	4	8	8
6.7	21.4	31.5	202	1	4	9	8
53.6	24.8	0.9	197	1	5	11	47
33.4	37.3	-16.4	139	1	5	13	47
26.6	19.6	-21.3	224	1	5	13	47
48.3	35.7	15.1	185	1	6	8	46
37	20.8	5.9	140	1	7	9	45
55.4	9.6	22.2	190	1	8	8	44
40	17.6	29.2	239	1	8	8	44
57.8	-8.3	27.3	211	2	12	1	4
6	-22.3	65.6	166	2	13	1	6
7	-8.1	52.9	137	2	13	1	6
26.3	-12.9	66.2	152	2	13	1	6
49.2	-4.5	48.1	240	2	13	1	6
6.1	14	48.7	213	2	13	3	6
13.7	6.3	65.4	162	2	13	3	6
25.2	12.4	49.4	188	2	13	8	6
39.7	3.4	34	168	2	13	8	6
32	-5.4	52.1	256	2	13	12	6
42	-23.4	53.4	184	2	23	1	1
41.8	5	-7.6	176	3	9	3	13
41.4	3.5	7.2	138	3	9	3	13
37.5	21.1	-10.1	187	3	9	9	13
38.3	-12.5	-1.1	260	3	9	10	13
32.4	-39.2	49.6	249	4	23	1	1
20	-33.2	69.8	241	4	23	1	1
43.3	-10.8	13.9	266	4	23	1	1
25.2	-52.4	68.1	192	4	26	1	7
14.8	-68.4	34.9	244	4	26	5	7
31.6	-60.8	49.2	195	4	26	8	7
7.5	-57.3	61.8	225	4	26	12	7
52.8	-27.2	40.9	234	4	27	1	40
58	-29.3	19.5	169	4	27	4	40
54.2	-45.2	36.9	136	4	27	9	40
47.8	-61.6	34.7	251	4	28	5	39
41.4	-75.3	28	216	4	28	5	39
48.9	-58.1	14.4	198	4	28	12	39
27.2	11.6	-39.2	242	5	14	5	38
40	18.9	-34.2	148	5	14	5	38
52.8	10.9	-21.8	263	5	14	5	38
50	-33.8	-0.7	178	5	15	11	21
61.3	-22.9	-22.4	189	5	15	13	21
54.5	-7.7	-31.5	175	5	16	13	20
46.8	4	-39.8	191	5	16	13	20
40.3	-11.3	-35.8	206	5	16	13	20
43.4	-26.5	-24.6	229	5	16	13	20
31.5	0.7	-44.4	145	5	16	13	20
59.2	-3.4	2.7	155	5	17	4	41
39.9	-25.6	14.4	231	5	17	4	41
61.8	-23.8	-2.8	210	5	19	5	22
56.5	-8.5	-14.3	174	5	19	5	22
59.3	-43.8	8.5	237	5	19	11	22
46.5	-59.9	-14.8	220	5	22	7	37
36.4	-69.1	-17.5	223	5	22	7	37
25.2	-44.6	-12.2	227	5	22	7	37
55.2	-56.3	-4.8	135	5	22	8	37
60.8	-43.3	-17.6	201	5	22	8	37
41.6	-45.7	-22.6	246	5	22	13	37
21	-63.7	-9	163	6	39	7	19
30.1	-82.9	20.5	157	6	39	7	19
45.1	-74.3	2.6	267	6	39	7	19
18.9	-81.8	41.5	222	6	39	7	19
17.9	-83.4	-11.3	167	6	40	7	18
7.7	-75	25	262	6	40	7	18
23.7	-96	6.5	141	6	40	7	18
7	-75.7	-2.8	232	6	40	7	18
7.8	-88.6	11.9	153	6	40	7	18
31.2	-91.8	-10.8	253	6	40	13	18
14.6	-68.3	8.3	143	6	41	7	17
7.8	34.7	17.1	151	7	31	5	32
5.3	-1	35.6	179	7	32	1	24
5.1	-38.9	27	265	7	33	5	23
12.3	-57.2	18.1	209	7	33	5	23
28.4	-53.8	7.1	204	7	33	7	23
7	-18.8	29.8	257	7	33	13	23
7.8	-23.1	44.9	147	7	34	1	31
6.2	-57.4	38.2	264	7	34	5	31
8.3	-39.9	48.1	196	7	34	9	31
31.2	3.7	-21.6	186	7	36	13	53
28.8	-36.9	-0	230	7	37	5	54
35.6	-14.7	-18.4	219	7	37	13	54
28	-28.4	-13.7	228	7	38	5	36
29.3	-19.6	-26.3	164	7	38	13	36
24.6	-2.6	-30.7	194	7	38	13	36
14.6	-46.1	2.8	142	7	40	7	18
19.3	-7.7	-14.8	226	7	49	13	58
32.2	-78.5	-40.4	217	8	48	5	57
6.1	-50.7	-12.3	180	8	48	7	57
39.1	-74.9	-29.7	247	8	48	13	57
13.7	-40.1	-25.4	233	8	48	13	57
23.5	-35.9	-43	156	8	48	13	57
6.9	-67.9	-37.8	255	8	48	13	57
7.1	-69	-20.9	236	8	48	13	57
46	-46.5	-42.4	144	8	48	13	57
16.2	-47.2	-52.3	150	8	48	13	57
23.4	-59.3	-52.1	203	8	48	13	57
21.1	-54.8	-23.8	259	8	48	13	57
11.7	-84.1	-34.6	193	8	48	13	57
19.6	-73.5	-50	208	8	48	13	57
36.7	-57.1	-32.8	258	8	48	13	57
23	-71.8	-29.1	215	8	48	13	57
7.6	-56.7	-50.8	182	8	48	13	57
41.9	-64	-49.2	181	8	48	13	57
7.1	-53.7	-34.4	170	8	48	13	57
33.8	-47.2	-53.9	171	8	48	13	57
30.4	-36.4	-31.1	172	8	48	13	57
21.2	-36.4	22.6	252	9	0	5	0
12.7	12.9	11.5	250	9	42	10	48
13.7	-4.2	20.9	243	9	42	10	48
12.6	20.2	-0.7	173	9	42	10	48
26.6	6.3	0.1	158	9	43	10	49
14	8.3	-9.5	207	9	43	10	49
10.5	-26.8	-2.2	200	9	44	10	50
12.3	-27.7	13.5	199	9	44	10	50
5.5	-9.7	5.2	238	9	44	10	50
4.7	-37.2	-53	254	10	49	13	58
9.7	-18.7	-30.7	245	10	49	13	58
6	-22.2	-42.3	177	10	49	13	58
6.3	-24.9	-17.5	165	10	49	13	58
7.5	-34.2	-37.3	212	10	49	13	58
-5.4	29.1	-10.1	27	11	1	5	11
-18.2	19	-21	47	11	1	13	11
-5.8	18.2	-21.6	42	11	1	13	11
-8.2	39.7	-21.4	96	11	1	13	11
-6.9	48.3	-5.7	57	11	2	5	10
-18.2	57	-14.3	6	11	2	5	10
-6	48.1	11.7	123	11	2	5	10
-11.7	65.1	4.2	121	11	2	5	10
-29.2	54.3	2.5	45	11	2	8	10
-42.7	47.3	-6.9	99	11	2	8	10
-28.8	50.1	21.7	75	11	2	9	10
-10.1	55.7	30.2	36	11	3	5	9
-27.3	34.1	36.4	122	11	3	5	9
-46.1	28.2	26.8	64	11	3	8	9
-11.2	34.3	51.5	0	11	4	5	8
-39.3	17.2	46.7	131	11	4	5	8
-5	17.7	46.1	119	11	4	9	8
-46.2	28.2	-7.1	2	11	5	5	47
-28.4	36	-15.6	92	11	5	13	47
-32	20.5	-16	53	11	5	13	47
-43	42	11	26	11	6	8	46
-32.5	22.1	5.8	14	11	7	9	45
-53.1	18.4	10.6	105	11	8	8	44
-46.2	7.9	28.6	81	11	13	8	6
-41.6	-14.7	44.8	98	12	12	1	4
-58.1	-5.6	27.2	20	12	13	1	6
-16.2	-19.2	69.5	28	12	13	1	6
-6.5	-4.3	47.6	13	12	13	3	6
-9.1	0.4	66.5	38	12	13	3	6
-57	-3.4	6.8	112	12	13	4	6
-23.2	10.7	53.6	49	12	13	8	6
-45.8	-0.4	49.3	54	12	13	8	6
-27.6	-9.1	55.9	107	12	13	12	6
-35.9	-23.3	65.6	79	12	23	1	1
-39.1	1.7	9.5	59	13	9	3	13
-38.7	8.1	-4.8	94	13	9	3	13
-37.7	-12.9	-1.4	117	13	9	10	13
-50.6	-23.8	41.4	4	14	23	1	1
-23.5	-31.6	63.6	8	14	23	1	1
-41.2	-15.6	14.5	63	14	23	4	1
-7.4	-34.1	67.5	23	14	26	1	7
-25.4	-54.7	64	74	14	26	1	7
-9.5	-71	31.9	86	14	26	7	7
-28.4	-62.3	40.4	62	14	26	12	7
-9.8	-66.3	55.1	19	14	26	13	7
-35.7	-39.3	47.7	34	14	27	1	40
-42.2	-31.2	15.9	89	14	27	4	40
-59.5	-25.9	21.9	124	14	27	4	40
-42	-65.6	41.7	127	14	28	5	39
-51.4	-56.3	20.5	90	14	28	5	39
-53.4	-43.5	38.8	44	14	28	8	39
-38	6.1	-37.9	128	15	14	5	38
-34.6	18.6	-32.2	43	15	14	5	38
-49.5	11.1	-30.6	7	15	14	5	38
-49.7	6.4	-15.2	55	15	14	5	38
-22.9	9	-38.8	33	15	14	13	38
-57.6	-6.4	-22.7	60	15	15	5	21
-59	-30	3.5	9	15	15	5	21
-57.8	-47.5	5.2	100	15	15	11	21
-59.8	-27.4	-18.1	37	15	15	13	21
-49.3	-4.7	-37.4	35	15	16	13	20
-37.8	-13.2	-29.3	84	15	16	13	20
-51.8	-18.2	-28.8	40	15	16	13	20
-57	-14.5	-6.9	16	15	19	5	22
-26.7	-42.7	-16.1	66	15	22	5	37
-60.3	-50	-14	101	15	22	13	37
-42.6	-52.1	-17.4	80	15	22	13	37
-46.7	-40	-24.3	88	15	22	13	37
-30	-5.8	-40.9	93	15	38	13	36
-41.2	-75.4	22.8	108	16	39	5	19
-31.6	-87.2	12.5	41	16	39	7	19
-17	-50.7	0.8	50	16	39	7	19
-43.2	-70.4	-13.8	22	16	39	7	19
-25.9	-63.1	-12.3	32	16	39	7	19
-16.8	-84.9	33	115	16	39	7	19
-48.3	-67.4	1.1	103	16	39	12	19
-36	-84.2	-3.9	30	16	40	7	18
-8.9	-70.7	-1.7	71	16	40	7	18
-10.8	-98.1	7.6	17	16	40	7	18
-14.7	-84	-13.1	77	16	40	13	18
-22.3	-96.6	-10.1	21	16	40	13	18
-6	-81.2	12.2	24	16	41	7	17
-22.1	-66.7	7.4	134	16	41	7	17
-23.6	-41.3	19.9	58	17	0	4	0
-7.8	-22.4	46	126	17	13	1	6
-6	34.1	26.3	46	17	31	5	32
-3.8	-5	32.6	118	17	32	3	24
-5.1	13.2	28.7	125	17	32	3	24
-8.6	-58.8	17.6	29	17	33	5	23
-5	-36	32	85	17	33	13	23
-7.4	-18.2	30	82	17	33	13	23
-6.5	-53.9	37.4	5	17	34	5	31
-8.8	-42.6	50.1	78	17	34	5	31
-7.5	-42.1	13.3	133	17	35	5	30
-26.8	2.4	-18.7	11	17	36	13	53
-21.5	-36.9	5.7	56	17	37	5	54
-32.1	-40.2	-4	95	17	37	5	54
-22.7	-12.8	-17.4	87	17	37	13	54
-35.7	-24.8	-14.9	76	17	37	13	54
-20.7	-30.8	-11.1	104	17	38	5	36
-30.5	-23.9	-26.6	67	17	38	13	36
-21.4	-4.1	-29.4	109	17	38	13	36
-6.5	-66.2	-37.7	12	18	48	13	57
-8.7	-50.6	-39.6	120	18	48	13	57
-37	-52.9	-31.1	10	18	48	13	57
-8.7	-55.2	-52.1	129	18	48	13	57
-21.2	-70	-48.9	15	18	48	13	57
-40.3	-74.2	-29.1	3	18	48	13	57
-30.2	-80.2	-40.3	1	18	48	13	57
-19.3	-46.4	-53.2	106	18	48	13	57
-6.5	-50.2	-11.4	61	18	48	13	57
-27.8	-36	-30.9	65	18	48	13	57
-42.6	-63.7	-46.3	68	18	48	13	57
-10.3	-81.7	-32.3	69	18	48	13	57
-8	-68.4	-19.9	70	18	48	13	57
-34.6	-50.3	-54	48	18	48	13	57
-22.7	-57.9	-48.8	73	18	48	13	57
-10.3	-37.7	-25.1	39	18	48	13	57
-46.4	-46.8	-42.9	83	18	48	13	57
-26.3	-69.5	-30.6	91	18	48	13	57
-21.2	-53.4	-23.6	31	18	48	13	57
-6.6	-54.7	-26.3	97	18	48	13	57
-24.3	-37.8	-44.3	102	18	48	13	57
-10.8	23.9	9.6	130	19	0	9	0
-12.5	11.6	8.7	111	19	42	10	48
-10.4	10.9	-8.1	52	19	42	10	48
-14.6	-3.5	21.1	25	19	42	10	48
-24.8	5.6	-0.1	132	19	43	10	49
-9.6	-25.4	-1.4	116	19	44	10	50
-4.9	-10.3	5.8	113	19	44	10	50
-11.6	-25.6	14.8	51	19	44	10	50
-5	-21.5	-15.8	18	20	49	10	58
-4.5	-38	-53.1	114	20	49	13	58
-7.2	-33	-39.4	72	20	49	13	58
-6.1	-18.9	-36.8	110	20	49	13	58
